timestamp,phase_A_voltage,phase_B_voltage,phase_C_voltage,line_current,frequency,power_factor,thd_percent
0.000000,0.000000,281.458256,-281.458256,3.000000,50.000000,0.950000,2.000000
0.000200,20.406919,270.699403,-291.106322,3.031395,50.000063,0.950013,2.000188
0.000400,40.733301,258.872223,-299.605524,3.062667,50.000126,0.950025,2.000377
0.000600,60.898927,246.023393,-306.922320,3.093691,50.000188,0.950038,2.000565
0.000800,80.824213,232.203621,-313.027834,3.124345,50.000251,0.950050,2.000754
0.001000,100.430523,217.467447,-317.897970,3.154508,50.000314,0.950063,2.000942
0.001200,119.640480,201.873029,-321.513508,3.184062,50.000377,0.950075,2.001131
0.001400,138.378270,185.481909,-323.860179,3.212890,50.000440,0.950088,2.001319
0.001600,156.569944,168.358778,-324.928722,3.240877,50.000503,0.950101,2.001508
0.001800,174.143708,150.571211,-324.714920,3.267913,50.000565,0.950113,2.001696
0.002000,191.030207,132.189409,-323.219616,3.293893,50.000628,0.950126,2.001885
0.002200,207.162797,113.285915,-320.448712,3.318712,50.000691,0.950138,2.002073
0.002400,222.477809,93.935334,-316.413143,3.342274,50.000754,0.950151,2.002262
0.002600,236.914804,74.214033,-311.128837,3.364484,50.000817,0.950163,2.002450
0.002800,250.416804,54.199843,-304.616647,3.385257,50.000880,0.950176,2.002639
0.003000,262.930523,33.971751,-296.902274,3.404508,50.000942,0.950188,2.002827
0.003200,274.406576,13.609587,-288.016163,3.422164,50.001005,0.950201,2.003016
0.003400,284.799671,-6.806286,-277.993385,3.438153,50.001068,0.950214,2.003204
0.003600,294.068792,-27.195299,-266.873493,3.452414,50.001131,0.950226,2.003393
0.003800,302.177358,-47.476984,-254.700374,3.464888,50.001194,0.950239,2.003581
0.004000,309.093368,-67.571300,-241.522068,3.475528,50.001257,0.950251,2.003770
0.004200,314.789527,-87.398942,-227.390586,3.484292,50.001319,0.950264,2.003958
0.004400,319.243356,-106.881660,-212.361696,3.491144,50.001382,0.950276,2.004147
0.004600,322.437278,-125.942566,-196.494712,3.496057,50.001445,0.950289,2.004335
0.004800,324.358687,-144.506433,-179.852254,3.499013,50.001508,0.950302,2.004524
0.005000,325.000000,-162.500000,-162.500000,3.500000,50.001571,0.950314,2.004712
0.005200,324.358687,-179.852254,-144.506433,3.499013,50.001633,0.950327,2.004901
0.005400,322.437278,-196.494712,-125.942566,3.496057,50.001696,0.950339,2.005089
0.005600,319.243356,-212.361696,-106.881660,3.491144,50.001759,0.950352,2.005278
0.005800,314.789527,-227.390586,-87.398942,3.484292,50.001822,0.950364,2.005466
0.006000,309.093368,-241.522068,-67.571300,3.475528,50.001885,0.950377,2.005655
0.006200,302.177358,-254.700374,-47.476984,3.464888,50.001947,0.950390,2.005843
0.006400,294.068792,-266.873493,-27.195299,3.452414,50.002010,0.950402,2.006032
0.006600,284.799671,-277.993385,-6.806286,3.438153,50.002073,0.950415,2.006220
0.006800,274.406576,-288.016163,13.609587,3.422164,50.002136,0.950427,2.006409
0.007000,262.930523,-296.902274,33.971751,3.404508,50.002198,0.950440,2.006597
0.007200,250.416804,-304.616647,54.199843,3.385257,50.002261,0.950452,2.006786
0.007400,236.914804,-311.128837,74.214033,3.364484,50.002324,0.950465,2.006974
0.007600,222.477809,-316.413143,93.935334,3.342274,50.002387,0.950477,2.007163
0.007800,207.162797,-320.448712,113.285915,3.318712,50.002449,0.950490,2.007351
0.008000,191.030207,-323.219616,132.189409,3.293893,50.002512,0.950503,2.007540
0.008200,174.143708,-324.714920,150.571211,3.267913,50.002575,0.950515,2.007728
0.008400,156.569944,-324.928722,168.358778,3.240877,50.002638,0.950528,2.007916
0.008600,138.378270,-323.860179,185.481909,3.212890,50.002700,0.950540,2.008105
0.008800,119.640480,-321.513508,201.873029,3.184062,50.002763,0.950553,2.008293
0.009000,100.430523,-317.897970,217.467447,3.154508,50.002826,0.950565,2.008482
0.009200,80.824213,-313.027834,232.203621,3.124345,50.002889,0.950578,2.008670
0.009400,60.898927,-306.922320,246.023393,3.093691,50.002951,0.950591,2.008859
0.009600,40.733301,-299.605524,258.872223,3.062667,50.003014,0.950603,2.009047
0.009800,20.406919,-291.106322,270.699403,3.031395,50.003077,0.950616,2.009236
0.010000,0.000000,-281.458256,281.458256,3.000000,50.003140,0.950628,2.009424
0.010200,-20.406919,-270.699403,291.106322,2.968605,50.003202,0.950641,2.009613
0.010400,-40.733301,-258.872223,299.605524,2.937333,50.003265,0.950653,2.009801
0.010600,-60.898927,-246.023393,306.922320,2.906309,50.003328,0.950666,2.009990
0.010800,-80.824213,-232.203621,313.027834,2.875655,50.003390,0.950678,2.010178
0.011000,-100.430523,-217.467447,317.897970,2.845492,50.003453,0.950691,2.010367
0.011200,-119.640480,-201.873029,321.513508,2.815938,50.003516,0.950704,2.010555
0.011400,-138.378270,-185.481909,323.860179,2.787110,50.003578,0.950716,2.010743
0.011600,-156.569944,-168.358778,324.928722,2.759123,50.003641,0.950729,2.010932
0.011800,-174.143708,-150.571211,324.714920,2.732087,50.003704,0.950741,2.011120
0.012000,-191.030207,-132.189409,323.219616,2.706107,50.003766,0.950754,2.011309
0.012200,-207.162797,-113.285915,320.448712,2.681288,50.003829,0.950766,2.011497
0.012400,-222.477809,-93.935334,316.413143,2.657726,50.003892,0.950779,2.011686
0.012600,-236.914804,-74.214033,311.128837,2.635516,50.003954,0.950791,2.011874
0.012800,-250.416804,-54.199843,304.616647,2.614743,50.004017,0.950804,2.012063
0.013000,-262.930523,-33.971751,296.902274,2.595492,50.004080,0.950817,2.012251
0.013200,-274.406576,-13.609587,288.016163,2.577836,50.004142,0.950829,2.012439
0.013400,-284.799671,6.806286,277.993385,2.561847,50.004205,0.950842,2.012628
0.013600,-294.068792,27.195299,266.873493,2.547586,50.004267,0.950854,2.012816
0.013800,-302.177358,47.476984,254.700374,2.535112,50.004330,0.950867,2.013005
0.014000,-309.093368,67.571300,241.522068,2.524472,50.004393,0.950879,2.013193
0.014200,-314.789527,87.398942,227.390586,2.515708,50.004455,0.950892,2.013382
0.014400,-319.243356,106.881660,212.361696,2.508856,50.004518,0.950904,2.013570
0.014600,-322.437278,125.942566,196.494712,2.503943,50.004580,0.950917,2.013758
0.014800,-324.358687,144.506433,179.852254,2.500987,50.004643,0.950930,2.013947
0.015000,-325.000000,162.500000,162.500000,2.500000,50.004705,0.950942,2.014135
0.015200,-324.358687,179.852254,144.506433,2.500987,50.004768,0.950955,2.014324
0.015400,-322.437278,196.494712,125.942566,2.503943,50.004831,0.950967,2.014512
0.015600,-319.243356,212.361696,106.881660,2.508856,50.004893,0.950980,2.014701
0.015800,-314.789527,227.390586,87.398942,2.515708,50.004956,0.950992,2.014889
0.016000,-309.093368,241.522068,67.571300,2.524472,50.005018,0.951005,2.015077
0.016200,-302.177358,254.700374,47.476984,2.535112,50.005081,0.951017,2.015266
0.016400,-294.068792,266.873493,27.195299,2.547586,50.005143,0.951030,2.015454
0.016600,-284.799671,277.993385,6.806286,2.561847,50.005206,0.951043,2.015643
0.016800,-274.406576,288.016163,-13.609587,2.577836,50.005268,0.951055,2.015831
0.017000,-262.930523,296.902274,-33.971751,2.595492,50.005331,0.951068,2.016019
0.017200,-250.416804,304.616647,-54.199843,2.614743,50.005393,0.951080,2.016208
0.017400,-236.914804,311.128837,-74.214033,2.635516,50.005455,0.951093,2.016396
0.017600,-222.477809,316.413143,-93.935334,2.657726,50.005518,0.951105,2.016585
0.017800,-207.162797,320.448712,-113.285915,2.681288,50.005580,0.951118,2.016773
0.018000,-191.030207,323.219616,-132.189409,2.706107,50.005643,0.951130,2.016961
0.018200,-174.143708,324.714920,-150.571211,2.732087,50.005705,0.951143,2.017150
0.018400,-156.569944,324.928722,-168.358778,2.759123,50.005768,0.951155,2.017338
0.018600,-138.378270,323.860179,-185.481909,2.787110,50.005830,0.951168,2.017526
0.018800,-119.640480,321.513508,-201.873029,2.815938,50.005892,0.951181,2.017715
0.019000,-100.430523,317.897970,-217.467447,2.845492,50.005955,0.951193,2.017903
0.019200,-80.824213,313.027834,-232.203621,2.875655,50.006017,0.951206,2.018092
0.019400,-60.898927,306.922320,-246.023393,2.906309,50.006080,0.951218,2.018280
0.019600,-40.733301,299.605524,-258.872223,2.937333,50.006142,0.951231,2.018468
0.019800,-20.406919,291.106322,-270.699403,2.968605,50.006204,0.951243,2.018657
0.020000,-0.000000,281.458256,-281.458256,3.000000,50.006267,0.951256,2.018845
0.020200,20.406919,270.699403,-291.106322,3.031395,50.006329,0.951268,2.019033
0.020400,40.733301,258.872223,-299.605524,3.062667,50.006391,0.951281,2.019222
0.020600,60.898927,246.023393,-306.922320,3.093691,50.006454,0.951293,2.019410
0.020800,80.824213,232.203621,-313.027834,3.124345,50.006516,0.951306,2.019599
0.021000,100.430523,217.467447,-317.897970,3.154508,50.006578,0.951319,2.019787
0.021200,119.640480,201.873029,-321.513508,3.184062,50.006640,0.951331,2.019975
0.021400,138.378270,185.481909,-323.860179,3.212890,50.006703,0.951344,2.020164
0.021600,156.569944,168.358778,-324.928722,3.240877,50.006765,0.951356,2.020352
0.021800,174.143708,150.571211,-324.714920,3.267913,50.006827,0.951369,2.020540
0.022000,191.030207,132.189409,-323.219616,3.293893,50.006890,0.951381,2.020729
0.022200,207.162797,113.285915,-320.448712,3.318712,50.006952,0.951394,2.020917
0.022400,222.477809,93.935334,-316.413143,3.342274,50.007014,0.951406,2.021105
0.022600,236.914804,74.214033,-311.128837,3.364484,50.007076,0.951419,2.021294
0.022800,250.416804,54.199843,-304.616647,3.385257,50.007138,0.951431,2.021482
0.023000,262.930523,33.971751,-296.902274,3.404508,50.007201,0.951444,2.021670
0.023200,274.406576,13.609587,-288.016163,3.422164,50.007263,0.951456,2.021859
0.023400,284.799671,-6.806286,-277.993385,3.438153,50.007325,0.951469,2.022047
0.023600,294.068792,-27.195299,-266.873493,3.452414,50.007387,0.951481,2.022235
0.023800,302.177358,-47.476984,-254.700374,3.464888,50.007449,0.951494,2.022423
0.024000,309.093368,-67.571300,-241.522068,3.475528,50.007511,0.951507,2.022612
0.024200,314.789527,-87.398942,-227.390586,3.484292,50.007573,0.951519,2.022800
0.024400,319.243356,-106.881660,-212.361696,3.491144,50.007635,0.951532,2.022988
0.024600,322.437278,-125.942566,-196.494712,3.496057,50.007698,0.951544,2.023177
0.024800,324.358687,-144.506433,-179.852254,3.499013,50.007760,0.951557,2.023365
0.025000,325.000000,-162.500000,-162.500000,3.500000,50.007822,0.951569,2.023553
0.025200,324.358687,-179.852254,-144.506433,3.499013,50.007884,0.951582,2.023742
0.025400,322.437278,-196.494712,-125.942566,3.496057,50.007946,0.951594,2.023930
0.025600,319.243356,-212.361696,-106.881660,3.491144,50.008008,0.951607,2.024118
0.025800,314.789527,-227.390586,-87.398942,3.484292,50.008070,0.951619,2.024306
0.026000,309.093368,-241.522068,-67.571300,3.475528,50.008132,0.951632,2.024495
0.026200,302.177358,-254.700374,-47.476984,3.464888,50.008194,0.951644,2.024683
0.026400,294.068792,-266.873493,-27.195299,3.452414,50.008256,0.951657,2.024871
0.026600,284.799671,-277.993385,-6.806286,3.438153,50.008318,0.951669,2.025059
0.026800,274.406576,-288.016163,13.609587,3.422164,50.008380,0.951682,2.025248
0.027000,262.930523,-296.902274,33.971751,3.404508,50.008442,0.951694,2.025436
0.027200,250.416804,-304.616647,54.199843,3.385257,50.008504,0.951707,2.025624
0.027400,236.914804,-311.128837,74.214033,3.364484,50.008566,0.951719,2.025812
0.027600,222.477809,-316.413143,93.935334,3.342274,50.008627,0.951732,2.026001
0.027800,207.162797,-320.448712,113.285915,3.318712,50.008689,0.951745,2.026189
0.028000,191.030207,-323.219616,132.189409,3.293893,50.008751,0.951757,2.026377
0.028200,174.143708,-324.714920,150.571211,3.267913,50.008813,0.951770,2.026565
0.028400,156.569944,-324.928722,168.358778,3.240877,50.008875,0.951782,2.026754
0.028600,138.378270,-323.860179,185.481909,3.212890,50.008937,0.951795,2.026942
0.028800,119.640480,-321.513508,201.873029,3.184062,50.008998,0.951807,2.027130
0.029000,100.430523,-317.897970,217.467447,3.154508,50.009060,0.951820,2.027318
0.029200,80.824213,-313.027834,232.203621,3.124345,50.009122,0.951832,2.027506
0.029400,60.898927,-306.922320,246.023393,3.093691,50.009184,0.951845,2.027695
0.029600,40.733301,-299.605524,258.872223,3.062667,50.009246,0.951857,2.027883
0.029800,20.406919,-291.106322,270.699403,3.031395,50.009307,0.951870,2.028071
0.030000,-0.000000,-281.458256,281.458256,3.000000,50.009369,0.951882,2.028259
0.030200,-20.406919,-270.699403,291.106322,2.968605,50.009431,0.951895,2.028447
0.030400,-40.733301,-258.872223,299.605524,2.937333,50.009492,0.951907,2.028636
0.030600,-60.898927,-246.023393,306.922320,2.906309,50.009554,0.951920,2.028824
0.030800,-80.824213,-232.203621,313.027834,2.875655,50.009616,0.951932,2.029012
0.031000,-100.430523,-217.467447,317.897970,2.845492,50.009677,0.951945,2.029200
0.031200,-119.640480,-201.873029,321.513508,2.815938,50.009739,0.951957,2.029388
0.031400,-138.378270,-185.481909,323.860179,2.787110,50.009801,0.951970,2.029577
0.031600,-156.569944,-168.358778,324.928722,2.759123,50.009862,0.951982,2.029765
0.031800,-174.143708,-150.571211,324.714920,2.732087,50.009924,0.951995,2.029953
0.032000,-191.030207,-132.189409,323.219616,2.706107,50.009985,0.952007,2.030141
0.032200,-207.162797,-113.285915,320.448712,2.681288,50.010047,0.952020,2.030329
0.032400,-222.477809,-93.935334,316.413143,2.657726,50.010109,0.952032,2.030517
0.032600,-236.914804,-74.214033,311.128837,2.635516,50.010170,0.952045,2.030705
0.032800,-250.416804,-54.199843,304.616647,2.614743,50.010232,0.952057,2.030894
0.033000,-262.930523,-33.971751,296.902274,2.595492,50.010293,0.952070,2.031082
0.033200,-274.406576,-13.609587,288.016163,2.577836,50.010355,0.952082,2.031270
0.033400,-284.799671,6.806286,277.993385,2.561847,50.010416,0.952095,2.031458
0.033600,-294.068792,27.195299,266.873493,2.547586,50.010478,0.952107,2.031646
0.033800,-302.177358,47.476984,254.700374,2.535112,50.010539,0.952120,2.031834
0.034000,-309.093368,67.571300,241.522068,2.524472,50.010600,0.952132,2.032022
0.034200,-314.789527,87.398942,227.390586,2.515708,50.010662,0.952145,2.032210
0.034400,-319.243356,106.881660,212.361696,2.508856,50.010723,0.952157,2.032399
0.034600,-322.437278,125.942566,196.494712,2.503943,50.010784,0.952170,2.032587
0.034800,-324.358687,144.506433,179.852254,2.500987,50.010846,0.952182,2.032775
0.035000,-325.000000,162.500000,162.500000,2.500000,50.010907,0.952195,2.032963
0.035200,-324.358687,179.852254,144.506433,2.500987,50.010968,0.952207,2.033151
0.035400,-322.437278,196.494712,125.942566,2.503943,50.011030,0.952220,2.033339
0.035600,-319.243356,212.361696,106.881660,2.508856,50.011091,0.952232,2.033527
0.035800,-314.789527,227.390586,87.398942,2.515708,50.011152,0.952245,2.033715
0.036000,-309.093368,241.522068,67.571300,2.524472,50.011214,0.952257,2.033903
0.036200,-302.177358,254.700374,47.476984,2.535112,50.011275,0.952270,2.034091
0.036400,-294.068792,266.873493,27.195299,2.547586,50.011336,0.952282,2.034279
0.036600,-284.799671,277.993385,6.806286,2.561847,50.011397,0.952295,2.034467
0.036800,-274.406576,288.016163,-13.609587,2.577836,50.011458,0.952307,2.034655
0.037000,-262.930523,296.902274,-33.971751,2.595492,50.011519,0.952320,2.034843
0.037200,-250.416804,304.616647,-54.199843,2.614743,50.011581,0.952332,2.035031
0.037400,-236.914804,311.128837,-74.214033,2.635516,50.011642,0.952345,2.035219
0.037600,-222.477809,316.413143,-93.935334,2.657726,50.011703,0.952357,2.035408
0.037800,-207.162797,320.448712,-113.285915,2.681288,50.011764,0.952369,2.035596
0.038000,-191.030207,323.219616,-132.189409,2.706107,50.011825,0.952382,2.035784
0.038200,-174.143708,324.714920,-150.571211,2.732087,50.011886,0.952394,2.035972
0.038400,-156.569944,324.928722,-168.358778,2.759123,50.011947,0.952407,2.036160
0.038600,-138.378270,323.860179,-185.481909,2.787110,50.012008,0.952419,2.036348
0.038800,-119.640480,321.513508,-201.873029,2.815938,50.012069,0.952432,2.036536
0.039000,-100.430523,317.897970,-217.467447,2.845492,50.012130,0.952444,2.036724
0.039200,-80.824213,313.027834,-232.203621,2.875655,50.012191,0.952457,2.036912
0.039400,-60.898927,306.922320,-246.023393,2.906309,50.012252,0.952469,2.037099
0.039600,-40.733301,299.605524,-258.872223,2.937333,50.012313,0.952482,2.037287
0.039800,-20.406919,291.106322,-270.699403,2.968605,50.012374,0.952494,2.037475
0.040000,-0.000000,281.458256,-281.458256,3.000000,50.012434,0.952507,2.037663
0.040200,20.406919,270.699403,-291.106322,3.031395,50.012495,0.952519,2.037851
0.040400,40.733301,258.872223,-299.605524,3.062667,50.012556,0.952532,2.038039
0.040600,60.898927,246.023393,-306.922320,3.093691,50.012617,0.952544,2.038227
0.040800,80.824213,232.203621,-313.027834,3.124345,50.012678,0.952557,2.038415
0.041000,100.430523,217.467447,-317.897970,3.154508,50.012739,0.952569,2.038603
0.041200,119.640480,201.873029,-321.513508,3.184062,50.012799,0.952581,2.038791
0.041400,138.378270,185.481909,-323.860179,3.212890,50.012860,0.952594,2.038979
0.041600,156.569944,168.358778,-324.928722,3.240877,50.012921,0.952606,2.039167
0.041800,174.143708,150.571211,-324.714920,3.267913,50.012981,0.952619,2.039355
0.042000,191.030207,132.189409,-323.219616,3.293893,50.013042,0.952631,2.039543
0.042200,207.162797,113.285915,-320.448712,3.318712,50.013103,0.952644,2.039731
0.042400,222.477809,93.935334,-316.413143,3.342274,50.013163,0.952656,2.039919
0.042600,236.914804,74.214033,-311.128837,3.364484,50.013224,0.952669,2.040106
0.042800,250.416804,54.199843,-304.616647,3.385257,50.013285,0.952681,2.040294
0.043000,262.930523,33.971751,-296.902274,3.404508,50.013345,0.952694,2.040482
0.043200,274.406576,13.609587,-288.016163,3.422164,50.013406,0.952706,2.040670
0.043400,284.799671,-6.806286,-277.993385,3.438153,50.013466,0.952718,2.040858
0.043600,294.068792,-27.195299,-266.873493,3.452414,50.013527,0.952731,2.041046
0.043800,302.177358,-47.476984,-254.700374,3.464888,50.013587,0.952743,2.041234
0.044000,309.093368,-67.571300,-241.522068,3.475528,50.013648,0.952756,2.041421
0.044200,314.789527,-87.398942,-227.390586,3.484292,50.013708,0.952768,2.041609
0.044400,319.243356,-106.881660,-212.361696,3.491144,50.013768,0.952781,2.041797
0.044600,322.437278,-125.942566,-196.494712,3.496057,50.013829,0.952793,2.041985
0.044800,324.358687,-144.506433,-179.852254,3.499013,50.013889,0.952806,2.042173
0.045000,325.000000,-162.500000,-162.500000,3.500000,50.013950,0.952818,2.042361
0.045200,324.358687,-179.852254,-144.506433,3.499013,50.014010,0.952830,2.042548
0.045400,322.437278,-196.494712,-125.942566,3.496057,50.014070,0.952843,2.042736
0.045600,319.243356,-212.361696,-106.881660,3.491144,50.014130,0.952855,2.042924
0.045800,314.789527,-227.390586,-87.398942,3.484292,50.014191,0.952868,2.043112
0.046000,309.093368,-241.522068,-67.571300,3.475528,50.014251,0.952880,2.043300
0.046200,302.177358,-254.700374,-47.476984,3.464888,50.014311,0.952893,2.043487
0.046400,294.068792,-266.873493,-27.195299,3.452414,50.014371,0.952905,2.043675
0.046600,284.799671,-277.993385,-6.806286,3.438153,50.014432,0.952918,2.043863
0.046800,274.406576,-288.016163,13.609587,3.422164,50.014492,0.952930,2.044051
0.047000,262.930523,-296.902274,33.971751,3.404508,50.014552,0.952942,2.044239
0.047200,250.416804,-304.616647,54.199843,3.385257,50.014612,0.952955,2.044426
0.047400,236.914804,-311.128837,74.214033,3.364484,50.014672,0.952967,2.044614
0.047600,222.477809,-316.413143,93.935334,3.342274,50.014732,0.952980,2.044802
0.047800,207.162797,-320.448712,113.285915,3.318712,50.014792,0.952992,2.044990
0.048000,191.030207,-323.219616,132.189409,3.293893,50.014852,0.953005,2.045177
0.048200,174.143708,-324.714920,150.571211,3.267913,50.014912,0.953017,2.045365
0.048400,156.569944,-324.928722,168.358778,3.240877,50.014972,0.953029,2.045553
0.048600,138.378270,-323.860179,185.481909,3.212890,50.015032,0.953042,2.045740
0.048800,119.640480,-321.513508,201.873029,3.184062,50.015092,0.953054,2.045928
0.049000,100.430523,-317.897970,217.467447,3.154508,50.015152,0.953067,2.046116
0.049200,80.824213,-313.027834,232.203621,3.124345,50.015212,0.953079,2.046303
0.049400,60.898927,-306.922320,246.023393,3.093691,50.015271,0.953091,2.046491
0.049600,40.733301,-299.605524,258.872223,3.062667,50.015331,0.953104,2.046679
0.049800,20.406919,-291.106322,270.699403,3.031395,50.015391,0.953116,2.046866
0.050000,-0.000000,-281.458256,281.458256,3.000000,50.015451,0.953129,2.047054
0.050200,-20.406919,-270.699403,291.106322,2.968605,50.015511,0.953141,2.047242
0.050400,-40.733301,-258.872223,299.605524,2.937333,50.015570,0.953154,2.047429
0.050600,-60.898927,-246.023393,306.922320,2.906309,50.015630,0.953166,2.047617
0.050800,-80.824213,-232.203621,313.027834,2.875655,50.015690,0.953178,2.047805
0.051000,-100.430523,-217.467447,317.897970,2.845492,50.015749,0.953191,2.047992
0.051200,-119.640480,-201.873029,321.513508,2.815938,50.015809,0.953203,2.048180
0.051400,-138.378270,-185.481909,323.860179,2.787110,50.015869,0.953216,2.048368
0.051600,-156.569944,-168.358778,324.928722,2.759123,50.015928,0.953228,2.048555
0.051800,-174.143708,-150.571211,324.714920,2.732087,50.015988,0.953240,2.048743
0.052000,-191.030207,-132.189409,323.219616,2.706107,50.016047,0.953253,2.048930
0.052200,-207.162797,-113.285915,320.448712,2.681288,50.016107,0.953265,2.049118
0.052400,-222.477809,-93.935334,316.413143,2.657726,50.016166,0.953278,2.049306
0.052600,-236.914804,-74.214033,311.128837,2.635516,50.016226,0.953290,2.049493
0.052800,-250.416804,-54.199843,304.616647,2.614743,50.016285,0.953302,2.049681
0.053000,-262.930523,-33.971751,296.902274,2.595492,50.016344,0.953315,2.049868
0.053200,-274.406576,-13.609587,288.016163,2.577836,50.016404,0.953327,2.050056
0.053400,-284.799671,6.806286,277.993385,2.561847,50.016463,0.953340,2.050243
0.053600,-294.068792,27.195299,266.873493,2.547586,50.016522,0.953352,2.050431
0.053800,-302.177358,47.476984,254.700374,2.535112,50.016582,0.953364,2.050618
0.054000,-309.093368,67.571300,241.522068,2.524472,50.016641,0.953377,2.050806
0.054200,-314.789527,87.398942,227.390586,2.515708,50.016700,0.953389,2.050993
0.054400,-319.243356,106.881660,212.361696,2.508856,50.016759,0.953401,2.051181
0.054600,-322.437278,125.942566,196.494712,2.503943,50.016819,0.953414,2.051368
0.054800,-324.358687,144.506433,179.852254,2.500987,50.016878,0.953426,2.051556
0.055000,-325.000000,162.500000,162.500000,2.500000,50.016937,0.953439,2.051743
0.055200,-324.358687,179.852254,144.506433,2.500987,50.016996,0.953451,2.051931
0.055400,-322.437278,196.494712,125.942566,2.503943,50.017055,0.953463,2.052118
0.055600,-319.243356,212.361696,106.881660,2.508856,50.017114,0.953476,2.052306
0.055800,-314.789527,227.390586,87.398942,2.515708,50.017173,0.953488,2.052493
0.056000,-309.093368,241.522068,67.571300,2.524472,50.017232,0.953500,2.052681
0.056200,-302.177358,254.700374,47.476984,2.535112,50.017291,0.953513,2.052868
0.056400,-294.068792,266.873493,27.195299,2.547586,50.017350,0.953525,2.053056
0.056600,-284.799671,277.993385,6.806286,2.561847,50.017409,0.953538,2.053243
0.056800,-274.406576,288.016163,-13.609587,2.577836,50.017468,0.953550,2.053431
0.057000,-262.930523,296.902274,-33.971751,2.595492,50.017527,0.953562,2.053618
0.057200,-250.416804,304.616647,-54.199843,2.614743,50.017586,0.953575,2.053805
0.057400,-236.914804,311.128837,-74.214033,2.635516,50.017644,0.953587,2.053993
0.057600,-222.477809,316.413143,-93.935334,2.657726,50.017703,0.953599,2.054180
0.057800,-207.162797,320.448712,-113.285915,2.681288,50.017762,0.953612,2.054368
0.058000,-191.030207,323.219616,-132.189409,2.706107,50.017821,0.953624,2.054555
0.058200,-174.143708,324.714920,-150.571211,2.732087,50.017879,0.953636,2.054742
0.058400,-156.569944,324.928722,-168.358778,2.759123,50.017938,0.953649,2.054930
0.058600,-138.378270,323.860179,-185.481909,2.787110,50.017997,0.953661,2.055117
0.058800,-119.640480,321.513508,-201.873029,2.815938,50.018055,0.953674,2.055304
0.059000,-100.430523,317.897970,-217.467447,2.845492,50.018114,0.953686,2.055492
0.059200,-80.824213,313.027834,-232.203621,2.875655,50.018172,0.953698,2.055679
0.059400,-60.898927,306.922320,-246.023393,2.906309,50.018231,0.953711,2.055866
0.059600,-40.733301,299.605524,-258.872223,2.937333,50.018289,0.953723,2.056054
0.059800,-20.406919,291.106322,-270.699403,2.968605,50.018348,0.953735,2.056241
0.060000,0.000000,281.458256,-281.458256,3.000000,50.018406,0.953748,2.056428
0.060200,20.406919,270.699403,-291.106322,3.031395,50.018465,0.953760,2.056615
0.060400,40.733301,258.872223,-299.605524,3.062667,50.018523,0.953772,2.056803
0.060600,60.898927,246.023393,-306.922320,3.093691,50.018581,0.953785,2.056990
0.060800,80.824213,232.203621,-313.027834,3.124345,50.018640,0.953797,2.057177
0.061000,100.430523,217.467447,-317.897970,3.154508,50.018698,0.953809,2.057365
0.061200,119.640480,201.873029,-321.513508,3.184062,50.018756,0.953822,2.057552
0.061400,138.378270,185.481909,-323.860179,3.212890,50.018814,0.953834,2.057739
0.061600,156.569944,168.358778,-324.928722,3.240877,50.018873,0.953846,2.057926
0.061800,174.143708,150.571211,-324.714920,3.267913,50.018931,0.953859,2.058113
0.062000,191.030207,132.189409,-323.219616,3.293893,50.018989,0.953871,2.058301
0.062200,207.162797,113.285915,-320.448712,3.318712,50.019047,0.953883,2.058488
0.062400,222.477809,93.935334,-316.413143,3.342274,50.019105,0.953896,2.058675
0.062600,236.914804,74.214033,-311.128837,3.364484,50.019163,0.953908,2.058862
0.062800,250.416804,54.199843,-304.616647,3.385257,50.019221,0.953920,2.059049
0.063000,262.930523,33.971751,-296.902274,3.404508,50.019279,0.953933,2.059237
0.063200,274.406576,13.609587,-288.016163,3.422164,50.019337,0.953945,2.059424
0.063400,284.799671,-6.806286,-277.993385,3.438153,50.019395,0.953957,2.059611
0.063600,294.068792,-27.195299,-266.873493,3.452414,50.019453,0.953970,2.059798
0.063800,302.177358,-47.476984,-254.700374,3.464888,50.019511,0.953982,2.059985
0.064000,309.093368,-67.571300,-241.522068,3.475528,50.019569,0.953994,2.060172
0.064200,314.789527,-87.398942,-227.390586,3.484292,50.019626,0.954007,2.060360
0.064400,319.243356,-106.881660,-212.361696,3.491144,50.019684,0.954019,2.060547
0.064600,322.437278,-125.942566,-196.494712,3.496057,50.019742,0.954031,2.060734
0.064800,324.358687,-144.506433,-179.852254,3.499013,50.019800,0.954043,2.060921
0.065000,325.000000,-162.500000,-162.500000,3.500000,50.019857,0.954056,2.061108
0.065200,324.358687,-179.852254,-144.506433,3.499013,50.019915,0.954068,2.061295
0.065400,322.437278,-196.494712,-125.942566,3.496057,50.019973,0.954080,2.061482
0.065600,319.243356,-212.361696,-106.881660,3.491144,50.020030,0.954093,2.061669
0.065800,314.789527,-227.390586,-87.398942,3.484292,50.020088,0.954105,2.061856
0.066000,309.093368,-241.522068,-67.571300,3.475528,50.020145,0.954117,2.062043
0.066200,302.177358,-254.700374,-47.476984,3.464888,50.020203,0.954130,2.062230
0.066400,294.068792,-266.873493,-27.195299,3.452414,50.020260,0.954142,2.062417
0.066600,284.799671,-277.993385,-6.806286,3.438153,50.020318,0.954154,2.062604
0.066800,274.406576,-288.016163,13.609587,3.422164,50.020375,0.954166,2.062791
0.067000,262.930523,-296.902274,33.971751,3.404508,50.020432,0.954179,2.062978
0.067200,250.416804,-304.616647,54.199843,3.385257,50.020490,0.954191,2.063165
0.067400,236.914804,-311.128837,74.214033,3.364484,50.020547,0.954203,2.063352
0.067600,222.477809,-316.413143,93.935334,3.342274,50.020604,0.954216,2.063539
0.067800,207.162797,-320.448712,113.285915,3.318712,50.020662,0.954228,2.063726
0.068000,191.030207,-323.219616,132.189409,3.293893,50.020719,0.954240,2.063913
0.068200,174.143708,-324.714920,150.571211,3.267913,50.020776,0.954252,2.064100
0.068400,156.569944,-324.928722,168.358778,3.240877,50.020833,0.954265,2.064287
0.068600,138.378270,-323.860179,185.481909,3.212890,50.020890,0.954277,2.064474
0.068800,119.640480,-321.513508,201.873029,3.184062,50.020947,0.954289,2.064661
0.069000,100.430523,-317.897970,217.467447,3.154508,50.021004,0.954302,2.064848
0.069200,80.824213,-313.027834,232.203621,3.124345,50.021061,0.954314,2.065035
0.069400,60.898927,-306.922320,246.023393,3.093691,50.021118,0.954326,2.065222
0.069600,40.733301,-299.605524,258.872223,3.062667,50.021175,0.954338,2.065408
0.069800,20.406919,-291.106322,270.699403,3.031395,50.021232,0.954351,2.065595
0.070000,-0.000000,-281.458256,281.458256,3.000000,50.021289,0.954363,2.065782
0.070200,-20.406919,-270.699403,291.106322,2.968605,50.021346,0.954375,2.065969
0.070400,-40.733301,-258.872223,299.605524,2.937333,50.021403,0.954387,2.066156
0.070600,-60.898927,-246.023393,306.922320,2.906309,50.021459,0.954400,2.066343
0.070800,-80.824213,-232.203621,313.027834,2.875655,50.021516,0.954412,2.066530
0.071000,-100.430523,-217.467447,317.897970,2.845492,50.021573,0.954424,2.066716
0.071200,-119.640480,-201.873029,321.513508,2.815938,50.021629,0.954436,2.066903
0.071400,-138.378270,-185.481909,323.860179,2.787110,50.021686,0.954449,2.067090
0.071600,-156.569944,-168.358778,324.928722,2.759123,50.021743,0.954461,2.067277
0.071800,-174.143708,-150.571211,324.714920,2.732087,50.021799,0.954473,2.067464
0.072000,-191.030207,-132.189409,323.219616,2.706107,50.021856,0.954485,2.067650
0.072200,-207.162797,-113.285915,320.448712,2.681288,50.021912,0.954498,2.067837
0.072400,-222.477809,-93.935334,316.413143,2.657726,50.021969,0.954510,2.068024
0.072600,-236.914804,-74.214033,311.128837,2.635516,50.022025,0.954522,2.068211
0.072800,-250.416804,-54.199843,304.616647,2.614743,50.022082,0.954534,2.068397
0.073000,-262.930523,-33.971751,296.902274,2.595492,50.022138,0.954547,2.068584
0.073200,-274.406576,-13.609587,288.016163,2.577836,50.022194,0.954559,2.068771
0.073400,-284.799671,6.806286,277.993385,2.561847,50.022251,0.954571,2.068957
0.073600,-294.068792,27.195299,266.873493,2.547586,50.022307,0.954583,2.069144
0.073800,-302.177358,47.476984,254.700374,2.535112,50.022363,0.954596,2.069331
0.074000,-309.093368,67.571300,241.522068,2.524472,50.022419,0.954608,2.069517
0.074200,-314.789527,87.398942,227.390586,2.515708,50.022475,0.954620,2.069704
0.074400,-319.243356,106.881660,212.361696,2.508856,50.022531,0.954632,2.069891
0.074600,-322.437278,125.942566,196.494712,2.503943,50.022587,0.954644,2.070077
0.074800,-324.358687,144.506433,179.852254,2.500987,50.022644,0.954657,2.070264
0.075000,-325.000000,162.500000,162.500000,2.500000,50.022700,0.954669,2.070451
0.075200,-324.358687,179.852254,144.506433,2.500987,50.022755,0.954681,2.070637
0.075400,-322.437278,196.494712,125.942566,2.503943,50.022811,0.954693,2.070824
0.075600,-319.243356,212.361696,106.881660,2.508856,50.022867,0.954706,2.071010
0.075800,-314.789527,227.390586,87.398942,2.515708,50.022923,0.954718,2.071197
0.076000,-309.093368,241.522068,67.571300,2.524472,50.022979,0.954730,2.071384
0.076200,-302.177358,254.700374,47.476984,2.535112,50.023035,0.954742,2.071570
0.076400,-294.068792,266.873493,27.195299,2.547586,50.023091,0.954754,2.071757
0.076600,-284.799671,277.993385,6.806286,2.561847,50.023146,0.954767,2.071943
0.076800,-274.406576,288.016163,-13.609587,2.577836,50.023202,0.954779,2.072130
0.077000,-262.930523,296.902274,-33.971751,2.595492,50.023258,0.954791,2.072316
0.077200,-250.416804,304.616647,-54.199843,2.614743,50.023313,0.954803,2.072503
0.077400,-236.914804,311.128837,-74.214033,2.635516,50.023369,0.954815,2.072689
0.077600,-222.477809,316.413143,-93.935334,2.657726,50.023424,0.954828,2.072876
0.077800,-207.162797,320.448712,-113.285915,2.681288,50.023480,0.954840,2.073062
0.078000,-191.030207,323.219616,-132.189409,2.706107,50.023535,0.954852,2.073249
0.078200,-174.143708,324.714920,-150.571211,2.732087,50.023591,0.954864,2.073435
0.078400,-156.569944,324.928722,-168.358778,2.759123,50.023646,0.954876,2.073622
0.078600,-138.378270,323.860179,-185.481909,2.787110,50.023701,0.954889,2.073808
0.078800,-119.640480,321.513508,-201.873029,2.815938,50.023757,0.954901,2.073994
0.079000,-100.430523,317.897970,-217.467447,2.845492,50.023812,0.954913,2.074181
0.079200,-80.824213,313.027834,-232.203621,2.875655,50.023867,0.954925,2.074367
0.079400,-60.898927,306.922320,-246.023393,2.906309,50.023922,0.954937,2.074554
0.079600,-40.733301,299.605524,-258.872223,2.937333,50.023977,0.954949,2.074740
0.079800,-20.406919,291.106322,-270.699403,2.968605,50.024033,0.954962,2.074926
0.080000,-0.000000,281.458256,-281.458256,3.000000,50.024088,0.954974,2.075113
0.080200,20.406919,270.699403,-291.106322,3.031395,50.024143,0.954986,2.075299
0.080400,40.733301,258.872223,-299.605524,3.062667,50.024198,0.954998,2.075485
0.080600,60.898927,246.023393,-306.922320,3.093691,50.024253,0.955010,2.075672
0.080800,80.824213,232.203621,-313.027834,3.124345,50.024308,0.955022,2.075858
0.081000,100.430523,217.467447,-317.897970,3.154508,50.024363,0.955035,2.076044
0.081200,119.640480,201.873029,-321.513508,3.184062,50.024417,0.955047,2.076231
0.081400,138.378270,185.481909,-323.860179,3.212890,50.024472,0.955059,2.076417
0.081600,156.569944,168.358778,-324.928722,3.240877,50.024527,0.955071,2.076603
0.081800,174.143708,150.571211,-324.714920,3.267913,50.024582,0.955083,2.076790
0.082000,191.030207,132.189409,-323.219616,3.293893,50.024636,0.955095,2.076976
0.082200,207.162797,113.285915,-320.448712,3.318712,50.024691,0.955108,2.077162
0.082400,222.477809,93.935334,-316.413143,3.342274,50.024746,0.955120,2.077348
0.082600,236.914804,74.214033,-311.128837,3.364484,50.024800,0.955132,2.077535
0.082800,250.416804,54.199843,-304.616647,3.385257,50.024855,0.955144,2.077721
0.083000,262.930523,33.971751,-296.902274,3.404508,50.024909,0.955156,2.077907
0.083200,274.406576,13.609587,-288.016163,3.422164,50.024964,0.955168,2.078093
0.083400,284.799671,-6.806286,-277.993385,3.438153,50.025018,0.955180,2.078279
0.083600,294.068792,-27.195299,-266.873493,3.452414,50.025073,0.955193,2.078465
0.083800,302.177358,-47.476984,-254.700374,3.464888,50.025127,0.955205,2.078652
0.084000,309.093368,-67.571300,-241.522068,3.475528,50.025181,0.955217,2.078838
0.084200,314.789527,-87.398942,-227.390586,3.484292,50.025235,0.955229,2.079024
0.084400,319.243356,-106.881660,-212.361696,3.491144,50.025290,0.955241,2.079210
0.084600,322.437278,-125.942566,-196.494712,3.496057,50.025344,0.955253,2.079396
0.084800,324.358687,-144.506433,-179.852254,3.499013,50.025398,0.955265,2.079582
0.085000,325.000000,-162.500000,-162.500000,3.500000,50.025452,0.955277,2.079768
0.085200,324.358687,-179.852254,-144.506433,3.499013,50.025506,0.955290,2.079954
0.085400,322.437278,-196.494712,-125.942566,3.496057,50.025560,0.955302,2.080140
0.085600,319.243356,-212.361696,-106.881660,3.491144,50.025614,0.955314,2.080326
0.085800,314.789527,-227.390586,-87.398942,3.484292,50.025668,0.955326,2.080513
0.086000,309.093368,-241.522068,-67.571300,3.475528,50.025722,0.955338,2.080699
0.086200,302.177358,-254.700374,-47.476984,3.464888,50.025776,0.955350,2.080885
0.086400,294.068792,-266.873493,-27.195299,3.452414,50.025830,0.955362,2.081071
0.086600,284.799671,-277.993385,-6.806286,3.438153,50.025883,0.955374,2.081257
0.086800,274.406576,-288.016163,13.609587,3.422164,50.025937,0.955386,2.081443
0.087000,262.930523,-296.902274,33.971751,3.404508,50.025991,0.955399,2.081629
0.087200,250.416804,-304.616647,54.199843,3.385257,50.026045,0.955411,2.081815
0.087400,236.914804,-311.128837,74.214033,3.364484,50.026098,0.955423,2.082000
0.087600,222.477809,-316.413143,93.935334,3.342274,50.026152,0.955435,2.082186
0.087800,207.162797,-320.448712,113.285915,3.318712,50.026205,0.955447,2.082372
0.088000,191.030207,-323.219616,132.189409,3.293893,50.026259,0.955459,2.082558
0.088200,174.143708,-324.714920,150.571211,3.267913,50.026312,0.955471,2.082744
0.088400,156.569944,-324.928722,168.358778,3.240877,50.026366,0.955483,2.082930
0.088600,138.378270,-323.860179,185.481909,3.212890,50.026419,0.955495,2.083116
0.088800,119.640480,-321.513508,201.873029,3.184062,50.026472,0.955507,2.083302
0.089000,100.430523,-317.897970,217.467447,3.154508,50.026526,0.955519,2.083488
0.089200,80.824213,-313.027834,232.203621,3.124345,50.026579,0.955532,2.083673
0.089400,60.898927,-306.922320,246.023393,3.093691,50.026632,0.955544,2.083859
0.089600,40.733301,-299.605524,258.872223,3.062667,50.026685,0.955556,2.084045
0.089800,20.406919,-291.106322,270.699403,3.031395,50.026738,0.955568,2.084231
0.090000,-0.000000,-281.458256,281.458256,3.000000,50.026791,0.955580,2.084417
0.090200,-20.406919,-270.699403,291.106322,2.968605,50.026844,0.955592,2.084603
0.090400,-40.733301,-258.872223,299.605524,2.937333,50.026897,0.955604,2.084788
0.090600,-60.898927,-246.023393,306.922320,2.906309,50.026950,0.955616,2.084974
0.090800,-80.824213,-232.203621,313.027834,2.875655,50.027003,0.955628,2.085160
0.091000,-100.430523,-217.467447,317.897970,2.845492,50.027056,0.955640,2.085346
0.091200,-119.640480,-201.873029,321.513508,2.815938,50.027109,0.955652,2.085531
0.091400,-138.378270,-185.481909,323.860179,2.787110,50.027162,0.955664,2.085717
0.091600,-156.569944,-168.358778,324.928722,2.759123,50.027214,0.955676,2.085903
0.091800,-174.143708,-150.571211,324.714920,2.732087,50.027267,0.955688,2.086088
0.092000,-191.030207,-132.189409,323.219616,2.706107,50.027320,0.955700,2.086274
0.092200,-207.162797,-113.285915,320.448712,2.681288,50.027372,0.955712,2.086460
0.092400,-222.477809,-93.935334,316.413143,2.657726,50.027425,0.955724,2.086645
0.092600,-236.914804,-74.214033,311.128837,2.635516,50.027477,0.955737,2.086831
0.092800,-250.416804,-54.199843,304.616647,2.614743,50.027530,0.955749,2.087017
0.093000,-262.930523,-33.971751,296.902274,2.595492,50.027582,0.955761,2.087202
0.093200,-274.406576,-13.609587,288.016163,2.577836,50.027635,0.955773,2.087388
0.093400,-284.799671,6.806286,277.993385,2.561847,50.027687,0.955785,2.087573
0.093600,-294.068792,27.195299,266.873493,2.547586,50.027739,0.955797,2.087759
0.093800,-302.177358,47.476984,254.700374,2.535112,50.027792,0.955809,2.087945
0.094000,-309.093368,67.571300,241.522068,2.524472,50.027844,0.955821,2.088130
0.094200,-314.789527,87.398942,227.390586,2.515708,50.027896,0.955833,2.088316
0.094400,-319.243356,106.881660,212.361696,2.508856,50.027948,0.955845,2.088501
0.094600,-322.437278,125.942566,196.494712,2.503943,50.028000,0.955857,2.088687
0.094800,-324.358687,144.506433,179.852254,2.500987,50.028052,0.955869,2.088872
0.095000,-325.000000,162.500000,162.500000,2.500000,50.028104,0.955881,2.089058
0.095200,-324.358687,179.852254,144.506433,2.500987,50.028156,0.955893,2.089243
0.095400,-322.437278,196.494712,125.942566,2.503943,50.028208,0.955905,2.089429
0.095600,-319.243356,212.361696,106.881660,2.508856,50.028260,0.955917,2.089614
0.095800,-314.789527,227.390586,87.398942,2.515708,50.028312,0.955929,2.089799
0.096000,-309.093368,241.522068,67.571300,2.524472,50.028363,0.955941,2.089985
0.096200,-302.177358,254.700374,47.476984,2.535112,50.028415,0.955953,2.090170
0.096400,-294.068792,266.873493,27.195299,2.547586,50.028467,0.955965,2.090356
0.096600,-284.799671,277.993385,6.806286,2.561847,50.028518,0.955977,2.090541
0.096800,-274.406576,288.016163,-13.609587,2.577836,50.028570,0.955989,2.090726
0.097000,-262.930523,296.902274,-33.971751,2.595492,50.028622,0.956001,2.090912
0.097200,-250.416804,304.616647,-54.199843,2.614743,50.028673,0.956013,2.091097
0.097400,-236.914804,311.128837,-74.214033,2.635516,50.028725,0.956025,2.091283
0.097600,-222.477809,316.413143,-93.935334,2.657726,50.028776,0.956037,2.091468
0.097800,-207.162797,320.448712,-113.285915,2.681288,50.028827,0.956049,2.091653
0.098000,-191.030207,323.219616,-132.189409,2.706107,50.028879,0.956061,2.091838
0.098200,-174.143708,324.714920,-150.571211,2.732087,50.028930,0.956073,2.092024
0.098400,-156.569944,324.928722,-168.358778,2.759123,50.028981,0.956085,2.092209
0.098600,-138.378270,323.860179,-185.481909,2.787110,50.029032,0.956097,2.092394
0.098800,-119.640480,321.513508,-201.873029,2.815938,50.029083,0.956109,2.092579
0.099000,-100.430523,317.897970,-217.467447,2.845492,50.029135,0.956121,2.092765
0.099200,-80.824213,313.027834,-232.203621,2.875655,50.029186,0.956133,2.092950
0.099400,-60.898927,306.922320,-246.023393,2.906309,50.029237,0.956144,2.093135
0.099600,-40.733301,299.605524,-258.872223,2.937333,50.029288,0.956156,2.093320
0.099800,-20.406919,291.106322,-270.699403,2.968605,50.029338,0.956168,2.093505
0.100000,0.000000,281.458256,-281.458256,3.000000,50.029389,0.956180,2.093691
0.100200,20.406919,270.699403,-291.106322,3.031395,50.029440,0.956192,2.093876
0.100400,40.733301,258.872223,-299.605524,3.062667,50.029491,0.956204,2.094061
0.100600,60.898927,246.023393,-306.922320,3.093691,50.029542,0.956216,2.094246
0.100800,80.824213,232.203621,-313.027834,3.124345,50.029592,0.956228,2.094431
0.101000,100.430523,217.467447,-317.897970,3.154508,50.029643,0.956240,2.094616
0.101200,119.640480,201.873029,-321.513508,3.184062,50.029693,0.956252,2.094801
0.101400,138.378270,185.481909,-323.860179,3.212890,50.029744,0.956264,2.094986
0.101600,156.569944,168.358778,-324.928722,3.240877,50.029794,0.956276,2.095171
0.101800,174.143708,150.571211,-324.714920,3.267913,50.029845,0.956288,2.095357
0.102000,191.030207,132.189409,-323.219616,3.293893,50.029895,0.956300,2.095542
0.102200,207.162797,113.285915,-320.448712,3.318712,50.029946,0.956312,2.095727
0.102400,222.477809,93.935334,-316.413143,3.342274,50.029996,0.956324,2.095912
0.102600,236.914804,74.214033,-311.128837,3.364484,50.030046,0.956335,2.096097
0.102800,250.416804,54.199843,-304.616647,3.385257,50.030096,0.956347,2.096282
0.103000,262.930523,33.971751,-296.902274,3.404508,50.030146,0.956359,2.096466
0.103200,274.406576,13.609587,-288.016163,3.422164,50.030197,0.956371,2.096651
0.103400,284.799671,-6.806286,-277.993385,3.438153,50.030247,0.956383,2.096836
0.103600,294.068792,-27.195299,-266.873493,3.452414,50.030297,0.956395,2.097021
0.103800,302.177358,-47.476984,-254.700374,3.464888,50.030347,0.956407,2.097206
0.104000,309.093368,-67.571300,-241.522068,3.475528,50.030397,0.956419,2.097391
0.104200,314.789527,-87.398942,-227.390586,3.484292,50.030446,0.956431,2.097576
0.104400,319.243356,-106.881660,-212.361696,3.491144,50.030496,0.956443,2.097761
0.104600,322.437278,-125.942566,-196.494712,3.496057,50.030546,0.956455,2.097946
0.104800,324.358687,-144.506433,-179.852254,3.499013,50.030596,0.956466,2.098131
0.105000,325.000000,-162.500000,-162.500000,3.500000,50.030645,0.956478,2.098315
0.105200,324.358687,-179.852254,-144.506433,3.499013,50.030695,0.956490,2.098500
0.105400,322.437278,-196.494712,-125.942566,3.496057,50.030745,0.956502,2.098685
0.105600,319.243356,-212.361696,-106.881660,3.491144,50.030794,0.956514,2.098870
0.105800,314.789527,-227.390586,-87.398942,3.484292,50.030844,0.956526,2.099054
0.106000,309.093368,-241.522068,-67.571300,3.475528,50.030893,0.956538,2.099239
0.106200,302.177358,-254.700374,-47.476984,3.464888,50.030942,0.956550,2.099424
0.106400,294.068792,-266.873493,-27.195299,3.452414,50.030992,0.956562,2.099609
0.106600,284.799671,-277.993385,-6.806286,3.438153,50.031041,0.956573,2.099793
0.106800,274.406576,-288.016163,13.609587,3.422164,50.031090,0.956585,2.099978
0.107000,262.930523,-296.902274,33.971751,3.404508,50.031139,0.956597,2.100163
0.107200,250.416804,-304.616647,54.199843,3.385257,50.031189,0.956609,2.100347
0.107400,236.914804,-311.128837,74.214033,3.364484,50.031238,0.956621,2.100532
0.107600,222.477809,-316.413143,93.935334,3.342274,50.031287,0.956633,2.100717
0.107800,207.162797,-320.448712,113.285915,3.318712,50.031336,0.956645,2.100901
0.108000,191.030207,-323.219616,132.189409,3.293893,50.031385,0.956656,2.101086
0.108200,174.143708,-324.714920,150.571211,3.267913,50.031433,0.956668,2.101271
0.108400,156.569944,-324.928722,168.358778,3.240877,50.031482,0.956680,2.101455
0.108600,138.378270,-323.860179,185.481909,3.212890,50.031531,0.956692,2.101640
0.108800,119.640480,-321.513508,201.873029,3.184062,50.031580,0.956704,2.101824
0.109000,100.430523,-317.897970,217.467447,3.154508,50.031629,0.956716,2.102009
0.109200,80.824213,-313.027834,232.203621,3.124345,50.031677,0.956727,2.102193
0.109400,60.898927,-306.922320,246.023393,3.093691,50.031726,0.956739,2.102378
0.109600,40.733301,-299.605524,258.872223,3.062667,50.031774,0.956751,2.102562
0.109800,20.406919,-291.106322,270.699403,3.031395,50.031823,0.956763,2.102747
0.110000,-0.000000,-281.458256,281.458256,3.000000,50.031871,0.956775,2.102931
0.110200,-20.406919,-270.699403,291.106322,2.968605,50.031920,0.956787,2.103116
0.110400,-40.733301,-258.872223,299.605524,2.937333,50.031968,0.956798,2.103300
0.110600,-60.898927,-246.023393,306.922320,2.906309,50.032016,0.956810,2.103485
0.110800,-80.824213,-232.203621,313.027834,2.875655,50.032064,0.956822,2.103669
0.111000,-100.430523,-217.467447,317.897970,2.845492,50.032113,0.956834,2.103853
0.111200,-119.640480,-201.873029,321.513508,2.815938,50.032161,0.956846,2.104038
0.111400,-138.378270,-185.481909,323.860179,2.787110,50.032209,0.956857,2.104222
0.111600,-156.569944,-168.358778,324.928722,2.759123,50.032257,0.956869,2.104406
0.111800,-174.143708,-150.571211,324.714920,2.732087,50.032305,0.956881,2.104591
0.112000,-191.030207,-132.189409,323.219616,2.706107,50.032353,0.956893,2.104775
0.112200,-207.162797,-113.285915,320.448712,2.681288,50.032401,0.956905,2.104959
0.112400,-222.477809,-93.935334,316.413143,2.657726,50.032449,0.956916,2.105144
0.112600,-236.914804,-74.214033,311.128837,2.635516,50.032496,0.956928,2.105328
0.112800,-250.416804,-54.199843,304.616647,2.614743,50.032544,0.956940,2.105512
0.113000,-262.930523,-33.971751,296.902274,2.595492,50.032592,0.956952,2.105697
0.113200,-274.406576,-13.609587,288.016163,2.577836,50.032639,0.956964,2.105881
0.113400,-284.799671,6.806286,277.993385,2.561847,50.032687,0.956975,2.106065
0.113600,-294.068792,27.195299,266.873493,2.547586,50.032734,0.956987,2.106249
0.113800,-302.177358,47.476984,254.700374,2.535112,50.032782,0.956999,2.106433
0.114000,-309.093368,67.571300,241.522068,2.524472,50.032829,0.957011,2.106618
0.114200,-314.789527,87.398942,227.390586,2.515708,50.032877,0.957022,2.106802
0.114400,-319.243356,106.881660,212.361696,2.508856,50.032924,0.957034,2.106986
0.114600,-322.437278,125.942566,196.494712,2.503943,50.032971,0.957046,2.107170
0.114800,-324.358687,144.506433,179.852254,2.500987,50.033018,0.957058,2.107354
0.115000,-325.000000,162.500000,162.500000,2.500000,50.033066,0.957069,2.107538
0.115200,-324.358687,179.852254,144.506433,2.500987,50.033113,0.957081,2.107722
0.115400,-322.437278,196.494712,125.942566,2.503943,50.033160,0.957093,2.107906
0.115600,-319.243356,212.361696,106.881660,2.508856,50.033207,0.957105,2.108090
0.115800,-314.789527,227.390586,87.398942,2.515708,50.033254,0.957116,2.108274
0.116000,-309.093368,241.522068,67.571300,2.524472,50.033301,0.957128,2.108458
0.116200,-302.177358,254.700374,47.476984,2.535112,50.033347,0.957140,2.108642
0.116400,-294.068792,266.873493,27.195299,2.547586,50.033394,0.957152,2.108826
0.116600,-284.799671,277.993385,6.806286,2.561847,50.033441,0.957163,2.109010
0.116800,-274.406576,288.016163,-13.609587,2.577836,50.033488,0.957175,2.109194
0.117000,-262.930523,296.902274,-33.971751,2.595492,50.033534,0.957187,2.109378
0.117200,-250.416804,304.616647,-54.199843,2.614743,50.033581,0.957199,2.109562
0.117400,-236.914804,311.128837,-74.214033,2.635516,50.033627,0.957210,2.109746
0.117600,-222.477809,316.413143,-93.935334,2.657726,50.033674,0.957222,2.109930
0.117800,-207.162797,320.448712,-113.285915,2.681288,50.033720,0.957234,2.110114
0.118000,-191.030207,323.219616,-132.189409,2.706107,50.033767,0.957246,2.110298
0.118200,-174.143708,324.714920,-150.571211,2.732087,50.033813,0.957257,2.110481
0.118400,-156.569944,324.928722,-168.358778,2.759123,50.033859,0.957269,2.110665
0.118600,-138.378270,323.860179,-185.481909,2.787110,50.033905,0.957281,2.110849
0.118800,-119.640480,321.513508,-201.873029,2.815938,50.033952,0.957292,2.111033
0.119000,-100.430523,317.897970,-217.467447,2.845492,50.033998,0.957304,2.111217
0.119200,-80.824213,313.027834,-232.203621,2.875655,50.034044,0.957316,2.111400
0.119400,-60.898927,306.922320,-246.023393,2.906309,50.034090,0.957327,2.111584
0.119600,-40.733301,299.605524,-258.872223,2.937333,50.034136,0.957339,2.111768
0.119800,-20.406919,291.106322,-270.699403,2.968605,50.034182,0.957351,2.111952
0.120000,0.000000,281.458256,-281.458256,3.000000,50.034227,0.957362,2.112135
0.120200,20.406919,270.699403,-291.106322,3.031395,50.034273,0.957374,2.112319
0.120400,40.733301,258.872223,-299.605524,3.062667,50.034319,0.957386,2.112503
0.120600,60.898927,246.023393,-306.922320,3.093691,50.034365,0.957398,2.112686
0.120800,80.824213,232.203621,-313.027834,3.124345,50.034410,0.957409,2.112870
0.121000,100.430523,217.467447,-317.897970,3.154508,50.034456,0.957421,2.113054
0.121200,119.640480,201.873029,-321.513508,3.184062,50.034501,0.957433,2.113237
0.121400,138.378270,185.481909,-323.860179,3.212890,50.034547,0.957444,2.113421
0.121600,156.569944,168.358778,-324.928722,3.240877,50.034592,0.957456,2.113604
0.121800,174.143708,150.571211,-324.714920,3.267913,50.034637,0.957468,2.113788
0.122000,191.030207,132.189409,-323.219616,3.293893,50.034683,0.957479,2.113972
0.122200,207.162797,113.285915,-320.448712,3.318712,50.034728,0.957491,2.114155
0.122400,222.477809,93.935334,-316.413143,3.342274,50.034773,0.957502,2.114339
0.122600,236.914804,74.214033,-311.128837,3.364484,50.034818,0.957514,2.114522
0.122800,250.416804,54.199843,-304.616647,3.385257,50.034863,0.957526,2.114706
0.123000,262.930523,33.971751,-296.902274,3.404508,50.034908,0.957537,2.114889
0.123200,274.406576,13.609587,-288.016163,3.422164,50.034953,0.957549,2.115072
0.123400,284.799671,-6.806286,-277.993385,3.438153,50.034998,0.957561,2.115256
0.123600,294.068792,-27.195299,-266.873493,3.452414,50.035043,0.957572,2.115439
0.123800,302.177358,-47.476984,-254.700374,3.464888,50.035088,0.957584,2.115623
0.124000,309.093368,-67.571300,-241.522068,3.475528,50.035132,0.957596,2.115806
0.124200,314.789527,-87.398942,-227.390586,3.484292,50.035177,0.957607,2.115989
0.124400,319.243356,-106.881660,-212.361696,3.491144,50.035222,0.957619,2.116173
0.124600,322.437278,-125.942566,-196.494712,3.496057,50.035266,0.957630,2.116356
0.124800,324.358687,-144.506433,-179.852254,3.499013,50.035311,0.957642,2.116539
0.125000,325.000000,-162.500000,-162.500000,3.500000,50.035355,0.957654,2.116723
0.125200,324.358687,-179.852254,-144.506433,3.499013,50.035400,0.957665,2.116906
0.125400,322.437278,-196.494712,-125.942566,3.496057,50.035444,0.957677,2.117089
0.125600,319.243356,-212.361696,-106.881660,3.491144,50.035488,0.957688,2.117272
0.125800,314.789527,-227.390586,-87.398942,3.484292,50.035533,0.957700,2.117456
0.126000,309.093368,-241.522068,-67.571300,3.475528,50.035577,0.957712,2.117639
0.126200,302.177358,-254.700374,-47.476984,3.464888,50.035621,0.957723,2.117822
0.126400,294.068792,-266.873493,-27.195299,3.452414,50.035665,0.957735,2.118005
0.126600,284.799671,-277.993385,-6.806286,3.438153,50.035709,0.957746,2.118188
0.126800,274.406576,-288.016163,13.609587,3.422164,50.035753,0.957758,2.118372
0.127000,262.930523,-296.902274,33.971751,3.404508,50.035797,0.957770,2.118555
0.127200,250.416804,-304.616647,54.199843,3.385257,50.035841,0.957781,2.118738
0.127400,236.914804,-311.128837,74.214033,3.364484,50.035884,0.957793,2.118921
0.127600,222.477809,-316.413143,93.935334,3.342274,50.035928,0.957804,2.119104
0.127800,207.162797,-320.448712,113.285915,3.318712,50.035972,0.957816,2.119287
0.128000,191.030207,-323.219616,132.189409,3.293893,50.036015,0.957827,2.119470
0.128200,174.143708,-324.714920,150.571211,3.267913,50.036059,0.957839,2.119653
0.128400,156.569944,-324.928722,168.358778,3.240877,50.036103,0.957851,2.119836
0.128600,138.378270,-323.860179,185.481909,3.212890,50.036146,0.957862,2.120019
0.128800,119.640480,-321.513508,201.873029,3.184062,50.036189,0.957874,2.120202
0.129000,100.430523,-317.897970,217.467447,3.154508,50.036233,0.957885,2.120385
0.129200,80.824213,-313.027834,232.203621,3.124345,50.036276,0.957897,2.120568
0.129400,60.898927,-306.922320,246.023393,3.093691,50.036319,0.957908,2.120751
0.129600,40.733301,-299.605524,258.872223,3.062667,50.036362,0.957920,2.120934
0.129800,20.406919,-291.106322,270.699403,3.031395,50.036405,0.957931,2.121117
0.130000,-0.000000,-281.458256,281.458256,3.000000,50.036448,0.957943,2.121300
0.130200,-20.406919,-270.699403,291.106322,2.968605,50.036491,0.957954,2.121482
0.130400,-40.733301,-258.872223,299.605524,2.937333,50.036534,0.957966,2.121665
0.130600,-60.898927,-246.023393,306.922320,2.906309,50.036577,0.957978,2.121848
0.130800,-80.824213,-232.203621,313.027834,2.875655,50.036620,0.957989,2.122031
0.131000,-100.430523,-217.467447,317.897970,2.845492,50.036663,0.958001,2.122214
0.131200,-119.640480,-201.873029,321.513508,2.815938,50.036705,0.958012,2.122396
0.131400,-138.378270,-185.481909,323.860179,2.787110,50.036748,0.958024,2.122579
0.131600,-156.569944,-168.358778,324.928722,2.759123,50.036791,0.958035,2.122762
0.131800,-174.143708,-150.571211,324.714920,2.732087,50.036833,0.958047,2.122945
0.132000,-191.030207,-132.189409,323.219616,2.706107,50.036876,0.958058,2.123127
0.132200,-207.162797,-113.285915,320.448712,2.681288,50.036918,0.958070,2.123310
0.132400,-222.477809,-93.935334,316.413143,2.657726,50.036960,0.958081,2.123493
0.132600,-236.914804,-74.214033,311.128837,2.635516,50.037003,0.958093,2.123675
0.132800,-250.416804,-54.199843,304.616647,2.614743,50.037045,0.958104,2.123858
0.133000,-262.930523,-33.971751,296.902274,2.595492,50.037087,0.958116,2.124041
0.133200,-274.406576,-13.609587,288.016163,2.577836,50.037129,0.958127,2.124223
0.133400,-284.799671,6.806286,277.993385,2.561847,50.037171,0.958139,2.124406
0.133600,-294.068792,27.195299,266.873493,2.547586,50.037213,0.958150,2.124588
0.133800,-302.177358,47.476984,254.700374,2.535112,50.037255,0.958162,2.124771
0.134000,-309.093368,67.571300,241.522068,2.524472,50.037297,0.958173,2.124953
0.134200,-314.789527,87.398942,227.390586,2.515708,50.037339,0.958184,2.125136
0.134400,-319.243356,106.881660,212.361696,2.508856,50.037381,0.958196,2.125318
0.134600,-322.437278,125.942566,196.494712,2.503943,50.037422,0.958207,2.125501
0.134800,-324.358687,144.506433,179.852254,2.500987,50.037464,0.958219,2.125683
0.135000,-325.000000,162.500000,162.500000,2.500000,50.037506,0.958230,2.125866
0.135200,-324.358687,179.852254,144.506433,2.500987,50.037547,0.958242,2.126048
0.135400,-322.437278,196.494712,125.942566,2.503943,50.037589,0.958253,2.126231
0.135600,-319.243356,212.361696,106.881660,2.508856,50.037630,0.958265,2.126413
0.135800,-314.789527,227.390586,87.398942,2.515708,50.037671,0.958276,2.126595
0.136000,-309.093368,241.522068,67.571300,2.524472,50.037713,0.958288,2.126778
0.136200,-302.177358,254.700374,47.476984,2.535112,50.037754,0.958299,2.126960
0.136400,-294.068792,266.873493,27.195299,2.547586,50.037795,0.958310,2.127142
0.136600,-284.799671,277.993385,6.806286,2.561847,50.037836,0.958322,2.127325
0.136800,-274.406576,288.016163,-13.609587,2.577836,50.037877,0.958333,2.127507
0.137000,-262.930523,296.902274,-33.971751,2.595492,50.037918,0.958345,2.127689
0.137200,-250.416804,304.616647,-54.199843,2.614743,50.037959,0.958356,2.127871
0.137400,-236.914804,311.128837,-74.214033,2.635516,50.038000,0.958367,2.128054
0.137600,-222.477809,316.413143,-93.935334,2.657726,50.038041,0.958379,2.128236
0.137800,-207.162797,320.448712,-113.285915,2.681288,50.038081,0.958390,2.128418
0.138000,-191.030207,323.219616,-132.189409,2.706107,50.038122,0.958402,2.128600
0.138200,-174.143708,324.714920,-150.571211,2.732087,50.038163,0.958413,2.128782
0.138400,-156.569944,324.928722,-168.358778,2.759123,50.038203,0.958425,2.128964
0.138600,-138.378270,323.860179,-185.481909,2.787110,50.038244,0.958436,2.129147
0.138800,-119.640480,321.513508,-201.873029,2.815938,50.038284,0.958447,2.129329
0.139000,-100.430523,317.897970,-217.467447,2.845492,50.038325,0.958459,2.129511
0.139200,-80.824213,313.027834,-232.203621,2.875655,50.038365,0.958470,2.129693
0.139400,-60.898927,306.922320,-246.023393,2.906309,50.038405,0.958481,2.129875
0.139600,-40.733301,299.605524,-258.872223,2.937333,50.038445,0.958493,2.130057
0.139800,-20.406919,291.106322,-270.699403,2.968605,50.038486,0.958504,2.130239
0.140000,0.000000,281.458256,-281.458256,3.000000,50.038526,0.958516,2.130421
0.140200,20.406919,270.699403,-291.106322,3.031395,50.038566,0.958527,2.130603
0.140400,40.733301,258.872223,-299.605524,3.062667,50.038606,0.958538,2.130785
0.140600,60.898927,246.023393,-306.922320,3.093691,50.038646,0.958550,2.130967
0.140800,80.824213,232.203621,-313.027834,3.124345,50.038685,0.958561,2.131148
0.141000,100.430523,217.467447,-317.897970,3.154508,50.038725,0.958572,2.131330
0.141200,119.640480,201.873029,-321.513508,3.184062,50.038765,0.958584,2.131512
0.141400,138.378270,185.481909,-323.860179,3.212890,50.038805,0.958595,2.131694
0.141600,156.569944,168.358778,-324.928722,3.240877,50.038844,0.958606,2.131876
0.141800,174.143708,150.571211,-324.714920,3.267913,50.038884,0.958618,2.132058
0.142000,191.030207,132.189409,-323.219616,3.293893,50.038923,0.958629,2.132240
0.142200,207.162797,113.285915,-320.448712,3.318712,50.038963,0.958640,2.132421
0.142400,222.477809,93.935334,-316.413143,3.342274,50.039002,0.958652,2.132603
0.142600,236.914804,74.214033,-311.128837,3.364484,50.039041,0.958663,2.132785
0.142800,250.416804,54.199843,-304.616647,3.385257,50.039080,0.958674,2.132967
0.143000,262.930523,33.971751,-296.902274,3.404508,50.039120,0.958686,2.133148
0.143200,274.406576,13.609587,-288.016163,3.422164,50.039159,0.958697,2.133330
0.143400,284.799671,-6.806286,-277.993385,3.438153,50.039198,0.958708,2.133512
0.143600,294.068792,-27.195299,-266.873493,3.452414,50.039237,0.958720,2.133693
0.143800,302.177358,-47.476984,-254.700374,3.464888,50.039276,0.958731,2.133875
0.144000,309.093368,-67.571300,-241.522068,3.475528,50.039314,0.958742,2.134056
0.144200,314.789527,-87.398942,-227.390586,3.484292,50.039353,0.958754,2.134238
0.144400,319.243356,-106.881660,-212.361696,3.491144,50.039392,0.958765,2.134420
0.144600,322.437278,-125.942566,-196.494712,3.496057,50.039431,0.958776,2.134601
0.144800,324.358687,-144.506433,-179.852254,3.499013,50.039469,0.958787,2.134783
0.145000,325.000000,-162.500000,-162.500000,3.500000,50.039508,0.958799,2.134964
0.145200,324.358687,-179.852254,-144.506433,3.499013,50.039546,0.958810,2.135146
0.145400,322.437278,-196.494712,-125.942566,3.496057,50.039585,0.958821,2.135327
0.145600,319.243356,-212.361696,-106.881660,3.491144,50.039623,0.958833,2.135509
0.145800,314.789527,-227.390586,-87.398942,3.484292,50.039661,0.958844,2.135690
0.146000,309.093368,-241.522068,-67.571300,3.475528,50.039700,0.958855,2.135871
0.146200,302.177358,-254.700374,-47.476984,3.464888,50.039738,0.958866,2.136053
0.146400,294.068792,-266.873493,-27.195299,3.452414,50.039776,0.958878,2.136234
0.146600,284.799671,-277.993385,-6.806286,3.438153,50.039814,0.958889,2.136416
0.146800,274.406576,-288.016163,13.609587,3.422164,50.039852,0.958900,2.136597
0.147000,262.930523,-296.902274,33.971751,3.404508,50.039890,0.958911,2.136778
0.147200,250.416804,-304.616647,54.199843,3.385257,50.039928,0.958923,2.136959
0.147400,236.914804,-311.128837,74.214033,3.364484,50.039965,0.958934,2.137141
0.147600,222.477809,-316.413143,93.935334,3.342274,50.040003,0.958945,2.137322
0.147800,207.162797,-320.448712,113.285915,3.318712,50.040041,0.958956,2.137503
0.148000,191.030207,-323.219616,132.189409,3.293893,50.040078,0.958968,2.137684
0.148200,174.143708,-324.714920,150.571211,3.267913,50.040116,0.958979,2.137866
0.148400,156.569944,-324.928722,168.358778,3.240877,50.040153,0.958990,2.138047
0.148600,138.378270,-323.860179,185.481909,3.212890,50.040191,0.959001,2.138228
0.148800,119.640480,-321.513508,201.873029,3.184062,50.040228,0.959013,2.138409
0.149000,100.430523,-317.897970,217.467447,3.154508,50.040265,0.959024,2.138590
0.149200,80.824213,-313.027834,232.203621,3.124345,50.040303,0.959035,2.138771
0.149400,60.898927,-306.922320,246.023393,3.093691,50.040340,0.959046,2.138952
0.149600,40.733301,-299.605524,258.872223,3.062667,50.040377,0.959057,2.139133
0.149800,20.406919,-291.106322,270.699403,3.031395,50.040414,0.959069,2.139315
0.150000,-0.000000,-281.458256,281.458256,3.000000,50.040451,0.959080,2.139496
0.150200,-20.406919,-270.699403,291.106322,2.968605,50.040488,0.959091,2.139677
0.150400,-40.733301,-258.872223,299.605524,2.937333,50.040525,0.959102,2.139858
0.150600,-60.898927,-246.023393,306.922320,2.906309,50.040561,0.959113,2.140038
0.150800,-80.824213,-232.203621,313.027834,2.875655,50.040598,0.959125,2.140219
0.151000,-100.430523,-217.467447,317.897970,2.845492,50.040635,0.959136,2.140400
0.151200,-119.640480,-201.873029,321.513508,2.815938,50.040671,0.959147,2.140581
0.151400,-138.378270,-185.481909,323.860179,2.787110,50.040708,0.959158,2.140762
0.151600,-156.569944,-168.358778,324.928722,2.759123,50.040744,0.959169,2.140943
0.151800,-174.143708,-150.571211,324.714920,2.732087,50.040781,0.959180,2.141124
0.152000,-191.030207,-132.189409,323.219616,2.706107,50.040817,0.959192,2.141305
0.152200,-207.162797,-113.285915,320.448712,2.681288,50.040853,0.959203,2.141485
0.152400,-222.477809,-93.935334,316.413143,2.657726,50.040889,0.959214,2.141666
0.152600,-236.914804,-74.214033,311.128837,2.635516,50.040926,0.959225,2.141847
0.152800,-250.416804,-54.199843,304.616647,2.614743,50.040962,0.959236,2.142028
0.153000,-262.930523,-33.971751,296.902274,2.595492,50.040998,0.959247,2.142208
0.153200,-274.406576,-13.609587,288.016163,2.577836,50.041034,0.959258,2.142389
0.153400,-284.799671,6.806286,277.993385,2.561847,50.041069,0.959270,2.142570
0.153600,-294.068792,27.195299,266.873493,2.547586,50.041105,0.959281,2.142751
0.153800,-302.177358,47.476984,254.700374,2.535112,50.041141,0.959292,2.142931
0.154000,-309.093368,67.571300,241.522068,2.524472,50.041177,0.959303,2.143112
0.154200,-314.789527,87.398942,227.390586,2.515708,50.041212,0.959314,2.143292
0.154400,-319.243356,106.881660,212.361696,2.508856,50.041248,0.959325,2.143473
0.154600,-322.437278,125.942566,196.494712,2.503943,50.041283,0.959336,2.143654
0.154800,-324.358687,144.506433,179.852254,2.500987,50.041319,0.959347,2.143834
0.155000,-325.000000,162.500000,162.500000,2.500000,50.041354,0.959359,2.144015
0.155200,-324.358687,179.852254,144.506433,2.500987,50.041389,0.959370,2.144195
0.155400,-322.437278,196.494712,125.942566,2.503943,50.041425,0.959381,2.144376
0.155600,-319.243356,212.361696,106.881660,2.508856,50.041460,0.959392,2.144556
0.155800,-314.789527,227.390586,87.398942,2.515708,50.041495,0.959403,2.144736
0.156000,-309.093368,241.522068,67.571300,2.524472,50.041530,0.959414,2.144917
0.156200,-302.177358,254.700374,47.476984,2.535112,50.041565,0.959425,2.145097
0.156400,-294.068792,266.873493,27.195299,2.547586,50.041600,0.959436,2.145278
0.156600,-284.799671,277.993385,6.806286,2.561847,50.041634,0.959447,2.145458
0.156800,-274.406576,288.016163,-13.609587,2.577836,50.041669,0.959458,2.145638
0.157000,-262.930523,296.902274,-33.971751,2.595492,50.041704,0.959469,2.145819
0.157200,-250.416804,304.616647,-54.199843,2.614743,50.041739,0.959481,2.145999
0.157400,-236.914804,311.128837,-74.214033,2.635516,50.041773,0.959492,2.146179
0.157600,-222.477809,316.413143,-93.935334,2.657726,50.041808,0.959503,2.146359
0.157800,-207.162797,320.448712,-113.285915,2.681288,50.041842,0.959514,2.146540
0.158000,-191.030207,323.219616,-132.189409,2.706107,50.041876,0.959525,2.146720
0.158200,-174.143708,324.714920,-150.571211,2.732087,50.041911,0.959536,2.146900
0.158400,-156.569944,324.928722,-168.358778,2.759123,50.041945,0.959547,2.147080
0.158600,-138.378270,323.860179,-185.481909,2.787110,50.041979,0.959558,2.147260
0.158800,-119.640480,321.513508,-201.873029,2.815938,50.042013,0.959569,2.147440
0.159000,-100.430523,317.897970,-217.467447,2.845492,50.042047,0.959580,2.147621
0.159200,-80.824213,313.027834,-232.203621,2.875655,50.042081,0.959591,2.147801
0.159400,-60.898927,306.922320,-246.023393,2.906309,50.042115,0.959602,2.147981
0.159600,-40.733301,299.605524,-258.872223,2.937333,50.042149,0.959613,2.148161
0.159800,-20.406919,291.106322,-270.699403,2.968605,50.042183,0.959624,2.148341
0.160000,-0.000000,281.458256,-281.458256,3.000000,50.042216,0.959635,2.148521
0.160200,20.406919,270.699403,-291.106322,3.031395,50.042250,0.959646,2.148701
0.160400,40.733301,258.872223,-299.605524,3.062667,50.042284,0.959657,2.148881
0.160600,60.898927,246.023393,-306.922320,3.093691,50.042317,0.959668,2.149061
0.160800,80.824213,232.203621,-313.027834,3.124345,50.042351,0.959679,2.149241
0.161000,100.430523,217.467447,-317.897970,3.154508,50.042384,0.959690,2.149420
0.161200,119.640480,201.873029,-321.513508,3.184062,50.042417,0.959701,2.149600
0.161400,138.378270,185.481909,-323.860179,3.212890,50.042450,0.959712,2.149780
0.161600,156.569944,168.358778,-324.928722,3.240877,50.042484,0.959723,2.149960
0.161800,174.143708,150.571211,-324.714920,3.267913,50.042517,0.959734,2.150140
0.162000,191.030207,132.189409,-323.219616,3.293893,50.042550,0.959745,2.150320
0.162200,207.162797,113.285915,-320.448712,3.318712,50.042583,0.959756,2.150499
0.162400,222.477809,93.935334,-316.413143,3.342274,50.042616,0.959767,2.150679
0.162600,236.914804,74.214033,-311.128837,3.364484,50.042648,0.959778,2.150859
0.162800,250.416804,54.199843,-304.616647,3.385257,50.042681,0.959789,2.151039
0.163000,262.930523,33.971751,-296.902274,3.404508,50.042714,0.959800,2.151218
0.163200,274.406576,13.609587,-288.016163,3.422164,50.042746,0.959811,2.151398
0.163400,284.799671,-6.806286,-277.993385,3.438153,50.042779,0.959822,2.151578
0.163600,294.068792,-27.195299,-266.873493,3.452414,50.042812,0.959833,2.151757
0.163800,302.177358,-47.476984,-254.700374,3.464888,50.042844,0.959844,2.151937
0.164000,309.093368,-67.571300,-241.522068,3.475528,50.042876,0.959855,2.152116
0.164200,314.789527,-87.398942,-227.390586,3.484292,50.042909,0.959865,2.152296
0.164400,319.243356,-106.881660,-212.361696,3.491144,50.042941,0.959876,2.152475
0.164600,322.437278,-125.942566,-196.494712,3.496057,50.042973,0.959887,2.152655
0.164800,324.358687,-144.506433,-179.852254,3.499013,50.043005,0.959898,2.152834
0.165000,325.000000,-162.500000,-162.500000,3.500000,50.043037,0.959909,2.153014
0.165200,324.358687,-179.852254,-144.506433,3.499013,50.043069,0.959920,2.153193
0.165400,322.437278,-196.494712,-125.942566,3.496057,50.043101,0.959931,2.153373
0.165600,319.243356,-212.361696,-106.881660,3.491144,50.043133,0.959942,2.153552
0.165800,314.789527,-227.390586,-87.398942,3.484292,50.043164,0.959953,2.153731
0.166000,309.093368,-241.522068,-67.571300,3.475528,50.043196,0.959964,2.153911
0.166200,302.177358,-254.700374,-47.476984,3.464888,50.043228,0.959975,2.154090
0.166400,294.068792,-266.873493,-27.195299,3.452414,50.043259,0.959985,2.154269
0.166600,284.799671,-277.993385,-6.806286,3.438153,50.043291,0.959996,2.154449
0.166800,274.406576,-288.016163,13.609587,3.422164,50.043322,0.960007,2.154628
0.167000,262.930523,-296.902274,33.971751,3.404508,50.043354,0.960018,2.154807
0.167200,250.416804,-304.616647,54.199843,3.385257,50.043385,0.960029,2.154986
0.167400,236.914804,-311.128837,74.214033,3.364484,50.043416,0.960040,2.155166
0.167600,222.477809,-316.413143,93.935334,3.342274,50.043447,0.960051,2.155345
0.167800,207.162797,-320.448712,113.285915,3.318712,50.043478,0.960062,2.155524
0.168000,191.030207,-323.219616,132.189409,3.293893,50.043509,0.960072,2.155703
0.168200,174.143708,-324.714920,150.571211,3.267913,50.043540,0.960083,2.155882
0.168400,156.569944,-324.928722,168.358778,3.240877,50.043571,0.960094,2.156061
0.168600,138.378270,-323.860179,185.481909,3.212890,50.043602,0.960105,2.156240
0.168800,119.640480,-321.513508,201.873029,3.184062,50.043632,0.960116,2.156419
0.169000,100.430523,-317.897970,217.467447,3.154508,50.043663,0.960127,2.156598
0.169200,80.824213,-313.027834,232.203621,3.124345,50.043694,0.960138,2.156777
0.169400,60.898927,-306.922320,246.023393,3.093691,50.043724,0.960148,2.156956
0.169600,40.733301,-299.605524,258.872223,3.062667,50.043755,0.960159,2.157135
0.169800,20.406919,-291.106322,270.699403,3.031395,50.043785,0.960170,2.157314
0.170000,-0.000000,-281.458256,281.458256,3.000000,50.043815,0.960181,2.157493
0.170200,-20.406919,-270.699403,291.106322,2.968605,50.043846,0.960192,2.157672
0.170400,-40.733301,-258.872223,299.605524,2.937333,50.043876,0.960202,2.157851
0.170600,-60.898927,-246.023393,306.922320,2.906309,50.043906,0.960213,2.158030
0.170800,-80.824213,-232.203621,313.027834,2.875655,50.043936,0.960224,2.158209
0.171000,-100.430523,-217.467447,317.897970,2.845492,50.043966,0.960235,2.158387
0.171200,-119.640480,-201.873029,321.513508,2.815938,50.043996,0.960246,2.158566
0.171400,-138.378270,-185.481909,323.860179,2.787110,50.044026,0.960256,2.158745
0.171600,-156.569944,-168.358778,324.928722,2.759123,50.044055,0.960267,2.158924
0.171800,-174.143708,-150.571211,324.714920,2.732087,50.044085,0.960278,2.159102
0.172000,-191.030207,-132.189409,323.219616,2.706107,50.044115,0.960289,2.159281
0.172200,-207.162797,-113.285915,320.448712,2.681288,50.044144,0.960300,2.159460
0.172400,-222.477809,-93.935334,316.413143,2.657726,50.044174,0.960310,2.159638
0.172600,-236.914804,-74.214033,311.128837,2.635516,50.044203,0.960321,2.159817
0.172800,-250.416804,-54.199843,304.616647,2.614743,50.044232,0.960332,2.159996
0.173000,-262.930523,-33.971751,296.902274,2.595492,50.044262,0.960343,2.160174
0.173200,-274.406576,-13.609587,288.016163,2.577836,50.044291,0.960353,2.160353
0.173400,-284.799671,6.806286,277.993385,2.561847,50.044320,0.960364,2.160531
0.173600,-294.068792,27.195299,266.873493,2.547586,50.044349,0.960375,2.160710
0.173800,-302.177358,47.476984,254.700374,2.535112,50.044378,0.960386,2.160888
0.174000,-309.093368,67.571300,241.522068,2.524472,50.044407,0.960396,2.161067
0.174200,-314.789527,87.398942,227.390586,2.515708,50.044436,0.960407,2.161245
0.174400,-319.243356,106.881660,212.361696,2.508856,50.044464,0.960418,2.161424
0.174600,-322.437278,125.942566,196.494712,2.503943,50.044493,0.960429,2.161602
0.174800,-324.358687,144.506433,179.852254,2.500987,50.044522,0.960439,2.161780
0.175000,-325.000000,162.500000,162.500000,2.500000,50.044550,0.960450,2.161959
0.175200,-324.358687,179.852254,144.506433,2.500987,50.044579,0.960461,2.162137
0.175400,-322.437278,196.494712,125.942566,2.503943,50.044607,0.960471,2.162315
0.175600,-319.243356,212.361696,106.881660,2.508856,50.044636,0.960482,2.162494
0.175800,-314.789527,227.390586,87.398942,2.515708,50.044664,0.960493,2.162672
0.176000,-309.093368,241.522068,67.571300,2.524472,50.044692,0.960503,2.162850
0.176200,-302.177358,254.700374,47.476984,2.535112,50.044720,0.960514,2.163028
0.176400,-294.068792,266.873493,27.195299,2.547586,50.044748,0.960525,2.163206
0.176600,-284.799671,277.993385,6.806286,2.561847,50.044776,0.960536,2.163385
0.176800,-274.406576,288.016163,-13.609587,2.577836,50.044804,0.960546,2.163563
0.177000,-262.930523,296.902274,-33.971751,2.595492,50.044832,0.960557,2.163741
0.177200,-250.416804,304.616647,-54.199843,2.614743,50.044860,0.960568,2.163919
0.177400,-236.914804,311.128837,-74.214033,2.635516,50.044888,0.960578,2.164097
0.177600,-222.477809,316.413143,-93.935334,2.657726,50.044915,0.960589,2.164275
0.177800,-207.162797,320.448712,-113.285915,2.681288,50.044943,0.960600,2.164453
0.178000,-191.030207,323.219616,-132.189409,2.706107,50.044970,0.960610,2.164631
0.178200,-174.143708,324.714920,-150.571211,2.732087,50.044998,0.960621,2.164809
0.178400,-156.569944,324.928722,-168.358778,2.759123,50.045025,0.960632,2.164987
0.178600,-138.378270,323.860179,-185.481909,2.787110,50.045052,0.960642,2.165165
0.178800,-119.640480,321.513508,-201.873029,2.815938,50.045080,0.960653,2.165343
0.179000,-100.430523,317.897970,-217.467447,2.845492,50.045107,0.960663,2.165521
0.179200,-80.824213,313.027834,-232.203621,2.875655,50.045134,0.960674,2.165699
0.179400,-60.898927,306.922320,-246.023393,2.906309,50.045161,0.960685,2.165876
0.179600,-40.733301,299.605524,-258.872223,2.937333,50.045188,0.960695,2.166054
0.179800,-20.406919,291.106322,-270.699403,2.968605,50.045215,0.960706,2.166232
0.180000,0.000000,281.458256,-281.458256,3.000000,50.045241,0.960717,2.166410
0.180200,20.406919,270.699403,-291.106322,3.031395,50.045268,0.960727,2.166588
0.180400,40.733301,258.872223,-299.605524,3.062667,50.045295,0.960738,2.166765
0.180600,60.898927,246.023393,-306.922320,3.093691,50.045321,0.960748,2.166943
0.180800,80.824213,232.203621,-313.027834,3.124345,50.045348,0.960759,2.167121
0.181000,100.430523,217.467447,-317.897970,3.154508,50.045374,0.960770,2.167298
0.181200,119.640480,201.873029,-321.513508,3.184062,50.045401,0.960780,2.167476
0.181400,138.378270,185.481909,-323.860179,3.212890,50.045427,0.960791,2.167653
0.181600,156.569944,168.358778,-324.928722,3.240877,50.045453,0.960801,2.167831
0.181800,174.143708,150.571211,-324.714920,3.267913,50.045479,0.960812,2.168009
0.182000,191.030207,132.189409,-323.219616,3.293893,50.045505,0.960822,2.168186
0.182200,207.162797,113.285915,-320.448712,3.318712,50.045531,0.960833,2.168364
0.182400,222.477809,93.935334,-316.413143,3.342274,50.045557,0.960844,2.168541
0.182600,236.914804,74.214033,-311.128837,3.364484,50.045583,0.960854,2.168719
0.182800,250.416804,54.199843,-304.616647,3.385257,50.045609,0.960865,2.168896
0.183000,262.930523,33.971751,-296.902274,3.404508,50.045635,0.960875,2.169073
0.183200,274.406576,13.609587,-288.016163,3.422164,50.045660,0.960886,2.169251
0.183400,284.799671,-6.806286,-277.993385,3.438153,50.045686,0.960896,2.169428
0.183600,294.068792,-27.195299,-266.873493,3.452414,50.045711,0.960907,2.169605
0.183800,302.177358,-47.476984,-254.700374,3.464888,50.045737,0.960917,2.169783
0.184000,309.093368,-67.571300,-241.522068,3.475528,50.045762,0.960928,2.169960
0.184200,314.789527,-87.398942,-227.390586,3.484292,50.045787,0.960938,2.170137
0.184400,319.243356,-106.881660,-212.361696,3.491144,50.045813,0.960949,2.170314
0.184600,322.437278,-125.942566,-196.494712,3.496057,50.045838,0.960959,2.170492
0.184800,324.358687,-144.506433,-179.852254,3.499013,50.045863,0.960970,2.170669
0.185000,325.000000,-162.500000,-162.500000,3.500000,50.045888,0.960980,2.170846
0.185200,324.358687,-179.852254,-144.506433,3.499013,50.045913,0.960991,2.171023
0.185400,322.437278,-196.494712,-125.942566,3.496057,50.045937,0.961001,2.171200
0.185600,319.243356,-212.361696,-106.881660,3.491144,50.045962,0.961012,2.171377
0.185800,314.789527,-227.390586,-87.398942,3.484292,50.045987,0.961022,2.171554
0.186000,309.093368,-241.522068,-67.571300,3.475528,50.046012,0.961033,2.171732
0.186200,302.177358,-254.700374,-47.476984,3.464888,50.046036,0.961043,2.171909
0.186400,294.068792,-266.873493,-27.195299,3.452414,50.046061,0.961054,2.172086
0.186600,284.799671,-277.993385,-6.806286,3.438153,50.046085,0.961064,2.172262
0.186800,274.406576,-288.016163,13.609587,3.422164,50.046109,0.961075,2.172439
0.187000,262.930523,-296.902274,33.971751,3.404508,50.046134,0.961085,2.172616
0.187200,250.416804,-304.616647,54.199843,3.385257,50.046158,0.961096,2.172793
0.187400,236.914804,-311.128837,74.214033,3.364484,50.046182,0.961106,2.172970
0.187600,222.477809,-316.413143,93.935334,3.342274,50.046206,0.961117,2.173147
0.187800,207.162797,-320.448712,113.285915,3.318712,50.046230,0.961127,2.173324
0.188000,191.030207,-323.219616,132.189409,3.293893,50.046254,0.961138,2.173501
0.188200,174.143708,-324.714920,150.571211,3.267913,50.046278,0.961148,2.173677
0.188400,156.569944,-324.928722,168.358778,3.240877,50.046301,0.961158,2.173854
0.188600,138.378270,-323.860179,185.481909,3.212890,50.046325,0.961169,2.174031
0.188800,119.640480,-321.513508,201.873029,3.184062,50.046349,0.961179,2.174207
0.189000,100.430523,-317.897970,217.467447,3.154508,50.046372,0.961190,2.174384
0.189200,80.824213,-313.027834,232.203621,3.124345,50.046396,0.961200,2.174561
0.189400,60.898927,-306.922320,246.023393,3.093691,50.046419,0.961210,2.174737
0.189600,40.733301,-299.605524,258.872223,3.062667,50.046442,0.961221,2.174914
0.189800,20.406919,-291.106322,270.699403,3.031395,50.046466,0.961231,2.175091
0.190000,-0.000000,-281.458256,281.458256,3.000000,50.046489,0.961242,2.175267
0.190200,-20.406919,-270.699403,291.106322,2.968605,50.046512,0.961252,2.175444
0.190400,-40.733301,-258.872223,299.605524,2.937333,50.046535,0.961262,2.175620
0.190600,-60.898927,-246.023393,306.922320,2.906309,50.046558,0.961273,2.175797
0.190800,-80.824213,-232.203621,313.027834,2.875655,50.046581,0.961283,2.175973
0.191000,-100.430523,-217.467447,317.897970,2.845492,50.046604,0.961294,2.176150
0.191200,-119.640480,-201.873029,321.513508,2.815938,50.046626,0.961304,2.176326
0.191400,-138.378270,-185.481909,323.860179,2.787110,50.046649,0.961314,2.176502
0.191600,-156.569944,-168.358778,324.928722,2.759123,50.046672,0.961325,2.176679
0.191800,-174.143708,-150.571211,324.714920,2.732087,50.046694,0.961335,2.176855
0.192000,-191.030207,-132.189409,323.219616,2.706107,50.046716,0.961345,2.177031
0.192200,-207.162797,-113.285915,320.448712,2.681288,50.046739,0.961356,2.177208
0.192400,-222.477809,-93.935334,316.413143,2.657726,50.046761,0.961366,2.177384
0.192600,-236.914804,-74.214033,311.128837,2.635516,50.046783,0.961376,2.177560
0.192800,-250.416804,-54.199843,304.616647,2.614743,50.046805,0.961387,2.177736
0.193000,-262.930523,-33.971751,296.902274,2.595492,50.046827,0.961397,2.177912
0.193200,-274.406576,-13.609587,288.016163,2.577836,50.046849,0.961407,2.178089
0.193400,-284.799671,6.806286,277.993385,2.561847,50.046871,0.961418,2.178265
0.193600,-294.068792,27.195299,266.873493,2.547586,50.046893,0.961428,2.178441
0.193800,-302.177358,47.476984,254.700374,2.535112,50.046915,0.961438,2.178617
0.194000,-309.093368,67.571300,241.522068,2.524472,50.046937,0.961449,2.178793
0.194200,-314.789527,87.398942,227.390586,2.515708,50.046958,0.961459,2.178969
0.194400,-319.243356,106.881660,212.361696,2.508856,50.046980,0.961469,2.179145
0.194600,-322.437278,125.942566,196.494712,2.503943,50.047001,0.961480,2.179321
0.194800,-324.358687,144.506433,179.852254,2.500987,50.047023,0.961490,2.179497
0.195000,-325.000000,162.500000,162.500000,2.500000,50.047044,0.961500,2.179673
0.195200,-324.358687,179.852254,144.506433,2.500987,50.047065,0.961510,2.179849
0.195400,-322.437278,196.494712,125.942566,2.503943,50.047086,0.961521,2.180024
0.195600,-319.243356,212.361696,106.881660,2.508856,50.047108,0.961531,2.180200
0.195800,-314.789527,227.390586,87.398942,2.515708,50.047129,0.961541,2.180376
0.196000,-309.093368,241.522068,67.571300,2.524472,50.047150,0.961551,2.180552
0.196200,-302.177358,254.700374,47.476984,2.535112,50.047170,0.961562,2.180728
0.196400,-294.068792,266.873493,27.195299,2.547586,50.047191,0.961572,2.180903
0.196600,-284.799671,277.993385,6.806286,2.561847,50.047212,0.961582,2.181079
0.196800,-274.406576,288.016163,-13.609587,2.577836,50.047233,0.961592,2.181255
0.197000,-262.930523,296.902274,-33.971751,2.595492,50.047253,0.961603,2.181430
0.197200,-250.416804,304.616647,-54.199843,2.614743,50.047274,0.961613,2.181606
0.197400,-236.914804,311.128837,-74.214033,2.635516,50.047294,0.961623,2.181782
0.197600,-222.477809,316.413143,-93.935334,2.657726,50.047314,0.961633,2.181957
0.197800,-207.162797,320.448712,-113.285915,2.681288,50.047335,0.961644,2.182133
0.198000,-191.030207,323.219616,-132.189409,2.706107,50.047355,0.961654,2.182308
0.198200,-174.143708,324.714920,-150.571211,2.732087,50.047375,0.961664,2.182484
0.198400,-156.569944,324.928722,-168.358778,2.759123,50.047395,0.961674,2.182659
0.198600,-138.378270,323.860179,-185.481909,2.787110,50.047415,0.961684,2.182835
0.198800,-119.640480,321.513508,-201.873029,2.815938,50.047435,0.961695,2.183010
0.199000,-100.430523,317.897970,-217.467447,2.845492,50.047455,0.961705,2.183186
0.199200,-80.824213,313.027834,-232.203621,2.875655,50.047475,0.961715,2.183361
0.199400,-60.898927,306.922320,-246.023393,2.906309,50.047494,0.961725,2.183536
0.199600,-40.733301,299.605524,-258.872223,2.937333,50.047514,0.961735,2.183712
0.199800,-20.406919,291.106322,-270.699403,2.968605,50.047533,0.961746,2.183887
